Times: 1291.9791741371155, Memory: 319873816
Times: 1291.4586169719696, Memory: 319873816
Times: 1315.9035594463348, Memory: 319873816
Times: 1336.2992589473724, Memory: 319873816
