Times: 1.5267524719238281, Memory: 1018528
Times: 0.0024480819702148438, Memory: 0
