Times: 155.96909427642822, Memory: 1543410726
Times: 41.049816608428955, Memory: 0
Times: 44.2720787525177, Memory: 0
Times: 40.24552369117737, Memory: 0
