Times: 0.06030464172363281, Memory: 907128
Times: 0.012558221817016602, Memory: 907128
