Times: 1.8723294734954834, Memory: 113346872
Times: 1.8027164936065674, Memory: 113346872
