Times: 0.061476707458496094, Memory: 205
Times: 3.695487976074219e-05, Memory: 0
