Times: 0.38203883171081543, Memory: 22603746
Times: 0.3276083469390869, Memory: 22603746
