Times: 1.4559712409973145, Memory: 205
Times: 4.649162292480469e-05, Memory: 0
