Times: 0.29795265197753906, Memory: 205
Times: 4.839897155761719e-05, Memory: 0
