Times: 1.3266704082489014, Memory: 3791508
Times: 1.170971393585205, Memory: 3791508
