Times: 0.2677609920501709, Memory: 1029112
Times: 0.20935797691345215, Memory: 1097732
