Times: 0.05870413780212402, Memory: 212980
Times: 0.014159917831420898, Memory: 217468
