Times: 1.458932876586914, Memory: 4030188
Times: 0.0021839141845703125, Memory: 0
