Times: 0.07771825790405273, Memory: 219800
Times: 0.0023353099822998047, Memory: 0
